METHOD 0
(511 x 1023) (1023 x 4094) (511 x 4094) , 0.008142, 0.675102, 0.011145
(600 x 1023) (1023 x 4094) (600 x 4094) , 0.010190, 0.785338, 0.013009
(700 x 1023) (1023 x 4094) (700 x 4094) , 0.008724, 0.862264, 0.019633
(800 x 1023) (1023 x 4094) (800 x 4094) , 0.009239, 0.983147, 0.018070
(511 x 1023) (1023 x 5000) (511 x 5000) , 0.009813, 0.823702, 0.015278
(511 x 1023) (1023 x 6000) (511 x 6000) , 0.012380, 0.937607, 0.016413
(511 x 1023) (1023 x 7000) (511 x 7000) , 0.013351, 1.032193, 0.018453
(511 x 100) (100 x 4094) (511 x 4094) , 0.000948, 0.015391, 0.011651
(511 x 500) (500 x 4094) (511 x 4094) , 0.004068, 0.212467, 0.011444
(511 x 1000) (1000 x 4094) (511 x 4094) , 0.008215, 0.643905, 0.011602
METHOD 1
(511 x 1023) (1023 x 4094) (511 x 4094) , 0.008206, 0.355564, 0.011547
(600 x 1023) (1023 x 4094) (600 x 4094) , 0.008304, 0.389697, 0.012880
(700 x 1023) (1023 x 4094) (700 x 4094) , 0.008595, 0.444197, 0.015366
(800 x 1023) (1023 x 4094) (800 x 4094) , 0.008626, 0.462736, 0.017191
(511 x 1023) (1023 x 5000) (511 x 5000) , 0.010096, 0.401786, 0.013389
(511 x 1023) (1023 x 6000) (511 x 6000) , 0.011570, 0.499283, 0.016133
(511 x 1023) (1023 x 7000) (511 x 7000) , 0.013240, 0.546501, 0.018677
(511 x 100) (100 x 4094) (511 x 4094) , 0.001199, 0.012009, 0.011274
(511 x 500) (500 x 4094) (511 x 4094) , 0.004111, 0.156492, 0.010841
(511 x 1000) (1000 x 4094) (511 x 4094) , 0.008062, 0.347702, 0.010717
METHOD 2
(511 x 1023) (1023 x 4094) (511 x 4094) , 0.008554, 0.287404, 0.011836
(600 x 1023) (1023 x 4094) (600 x 4094) , 0.008321, 0.321265, 0.012947
(700 x 1023) (1023 x 4094) (700 x 4094) , 0.008943, 0.325993, 0.015094
(800 x 1023) (1023 x 4094) (800 x 4094) , 0.008746, 0.397108, 0.017277
(511 x 1023) (1023 x 5000) (511 x 5000) , 0.009712, 0.358625, 0.013516
(511 x 1023) (1023 x 6000) (511 x 6000) , 0.011959, 0.357753, 0.016382
(511 x 1023) (1023 x 7000) (511 x 7000) , 0.013470, 0.404769, 0.018684
(511 x 100) (100 x 4094) (511 x 4094) , 0.000915, 0.013713, 0.011413
(511 x 500) (500 x 4094) (511 x 4094) , 0.004273, 0.169082, 0.011129
(511 x 1000) (1000 x 4094) (511 x 4094) , 0.008532, 0.282325, 0.011552